pos	G	A	T	C
0	0.233747	0.278073	0.340130	0.148050
1	0.230792	0.298759	0.340130	0.130319
2	0.248522	0.269208	0.316489	0.165780
3	0.216017	0.242612	0.366726	0.174645
4	0.201241	0.272163	0.375591	0.151005
5	0.224882	0.254433	0.337175	0.183511
6	0.201241	0.325355	0.337175	0.136229
7	0.201241	0.257388	0.408097	0.133274
8	0.189421	0.275118	0.393322	0.142139
9	0.245567	0.269208	0.313534	0.171690
10	0.230792	0.322400	0.310579	0.136229
11	0.224882	0.269208	0.363771	0.142139
12	0.239657	0.221927	0.348995	0.189421
13	0.174645	0.310579	0.378546	0.136229
14	0.289894	0.269208	0.272163	0.168735
15	0.177600	0.272163	0.343085	0.207151
16	0.236702	0.363771	0.260343	0.139184
17	0.319444	0.381501	0.213061	0.085993
18	0.127364	0.390366	0.210106	0.272163
19	0.218972	0.437648	0.162825	0.180556
20	0.000296	0.999113	0.000296	0.000296
21	0.000296	0.000296	0.999113	0.000296
22	0.999113	0.000296	0.000296	0.000296
23	0.549941	0.227837	0.130319	0.091903
24	0.151005	0.360816	0.156915	0.331265
25	0.348995	0.171690	0.399232	0.080083
26	0.292849	0.286939	0.239657	0.180556
27	0.189421	0.257388	0.260343	0.292849
28	0.245567	0.266253	0.360816	0.127364
29	0.251478	0.322400	0.233747	0.192376
30	0.159870	0.340130	0.257388	0.242612
31	0.278073	0.266253	0.334220	0.121454
32	0.337175	0.348995	0.177600	0.136229
