pos	G	A	T	C
0	0.237673	0.257396	0.405325	0.099606
1	0.237673	0.296844	0.385602	0.079882
2	0.267258	0.198225	0.385602	0.148915
3	0.208087	0.188363	0.523669	0.079882
4	0.326430	0.198225	0.375740	0.099606
5	0.227811	0.237673	0.356016	0.178501
6	0.267258	0.316568	0.365878	0.050296
7	0.148915	0.277120	0.543393	0.030572
8	0.178501	0.227811	0.513807	0.079882
9	0.286982	0.237673	0.306706	0.168639
10	0.277120	0.375740	0.346154	0.000986
11	0.247535	0.109467	0.474359	0.168639
12	0.247535	0.198225	0.356016	0.198225
13	0.119329	0.296844	0.474359	0.109467
14	0.356016	0.208087	0.296844	0.139053
15	0.217949	0.277120	0.237673	0.267258
16	0.267258	0.385602	0.277120	0.070020
17	0.425049	0.346154	0.217949	0.010848
18	0.060158	0.375740	0.158777	0.405325
19	0.158777	0.553254	0.148915	0.139053
20	0.000986	0.997041	0.000986	0.000986
21	0.000986	0.000986	0.997041	0.000986
22	0.997041	0.000986	0.000986	0.000986
23	0.799803	0.000986	0.158777	0.040434
24	0.030572	0.346154	0.050296	0.572978
25	0.385602	0.139053	0.474359	0.000986
26	0.464497	0.217949	0.247535	0.070020
27	0.217949	0.227811	0.208087	0.346154
28	0.237673	0.237673	0.484221	0.040434
29	0.257396	0.306706	0.277120	0.158777
30	0.139053	0.356016	0.208087	0.296844
31	0.217949	0.227811	0.444773	0.109467
32	0.425049	0.286982	0.109467	0.178501
