pos	G	A	T	C
0	0.212930	0.280913	0.336924	0.169233
1	0.277207	0.278005	0.267886	0.176901
2	0.221937	0.307165	0.271450	0.199448
3	0.209966	0.287155	0.328259	0.174620
4	0.274727	0.284134	0.267316	0.173822
5	0.218774	0.306567	0.274642	0.200018
6	0.210963	0.282338	0.331765	0.174934
7	0.269027	0.286728	0.267943	0.176302
8	0.218403	0.311926	0.270366	0.199305
9	0.209510	0.280827	0.338463	0.171200
10	0.273074	0.285645	0.264551	0.176730
11	0.219515	0.308961	0.268713	0.202811
12	0.212389	0.275725	0.340544	0.171342
13	0.278319	0.278376	0.265378	0.177927
14	0.214555	0.307422	0.277977	0.200046
15	0.211619	0.286243	0.326178	0.175960
16	0.282994	0.283934	0.262100	0.170972
17	0.221624	0.310472	0.276922	0.190982
18	0.213728	0.308448	0.312524	0.165299
19	0.322558	0.284276	0.202982	0.190184
20	0.000003	0.999991	0.000003	0.000003
21	0.000003	0.000003	0.999991	0.000003
22	0.999991	0.000003	0.000003	0.000003
23	0.260874	0.311669	0.223790	0.203666
24	0.187020	0.313807	0.339746	0.159428
25	0.284333	0.286414	0.260390	0.168862
26	0.207286	0.314890	0.276723	0.201101
27	0.205291	0.292600	0.330482	0.171627
28	0.274899	0.286215	0.262556	0.176331
29	0.215239	0.303716	0.277093	0.203951
30	0.208626	0.281797	0.340629	0.168948
31	0.275697	0.286984	0.262870	0.174449
32	0.223249	0.308676	0.272561	0.195514
