pos	G	A	T	C
0	0.211789	0.291126	0.326396	0.170690
1	0.264130	0.288806	0.270168	0.176895
2	0.219645	0.308761	0.274285	0.197309
3	0.207673	0.290791	0.324912	0.176624
4	0.263315	0.288577	0.268748	0.179361
5	0.216595	0.309492	0.278296	0.195617
6	0.204664	0.292191	0.327545	0.175600
7	0.259826	0.290415	0.274055	0.175704
8	0.213649	0.315384	0.273407	0.197560
9	0.206545	0.287594	0.333918	0.171943
10	0.266742	0.294615	0.263169	0.175474
11	0.214882	0.312292	0.277816	0.195011
12	0.205813	0.285108	0.332392	0.176686
13	0.264799	0.288493	0.269500	0.177209
14	0.209825	0.310871	0.282517	0.196787
15	0.209365	0.293236	0.319459	0.177940
16	0.274473	0.289872	0.260641	0.175015
17	0.222487	0.312459	0.279090	0.185963
18	0.211392	0.317892	0.308405	0.162311
19	0.313149	0.294866	0.204121	0.187865
20	0.000002	0.999994	0.000002	0.000002
21	0.000002	0.000002	0.999994	0.000002
22	0.999994	0.000002	0.000002	0.000002
23	0.256274	0.320629	0.228087	0.195011
24	0.184668	0.319166	0.331891	0.164275
25	0.272801	0.292400	0.263566	0.171233
26	0.209470	0.314820	0.281953	0.193757
27	0.204727	0.299442	0.323094	0.172737
28	0.267536	0.298167	0.261518	0.172779
29	0.214589	0.309158	0.281514	0.194739
30	0.202867	0.290394	0.336049	0.170690
31	0.269249	0.292150	0.262855	0.175746
32	0.220439	0.316408	0.268392	0.194760
