pos	G	A	T	C
0	0.212078	0.309388	0.332284	0.146251
1	0.217802	0.277905	0.355180	0.149113
2	0.189181	0.309388	0.352318	0.149113
3	0.192044	0.277905	0.398111	0.131940
4	0.189181	0.300801	0.366629	0.143389
5	0.234974	0.257871	0.340870	0.166285
6	0.246422	0.315112	0.300801	0.137665
7	0.194906	0.272181	0.383801	0.149113
8	0.206354	0.280767	0.355180	0.157699
9	0.200630	0.315112	0.326560	0.157699
10	0.197768	0.332284	0.306525	0.163423
11	0.226388	0.289353	0.326560	0.157699
12	0.229250	0.283629	0.306525	0.180595
13	0.194906	0.312250	0.343732	0.149113
14	0.286491	0.272181	0.297939	0.143389
15	0.163423	0.297939	0.300801	0.237836
16	0.240698	0.392387	0.289353	0.077562
17	0.232112	0.449628	0.234974	0.083286
18	0.126216	0.400973	0.214940	0.257871
19	0.177733	0.466800	0.212078	0.143389
20	0.000286	0.999141	0.000286	0.000286
21	0.000286	0.000286	0.999141	0.000286
22	0.999141	0.000286	0.000286	0.000286
23	0.544076	0.209216	0.160561	0.086148
24	0.163423	0.363766	0.151975	0.320836
25	0.332284	0.194906	0.369491	0.103320
26	0.297939	0.317974	0.217802	0.166285
27	0.177733	0.283629	0.223526	0.315112
28	0.237836	0.289353	0.309388	0.163423
29	0.272181	0.309388	0.189181	0.229250
30	0.174871	0.346594	0.283629	0.194906
31	0.257871	0.303663	0.272181	0.166285
32	0.335146	0.335146	0.189181	0.140527
