pos	G	A	T	C
0	0.182950	0.221264	0.451149	0.144636
1	0.202107	0.182950	0.508621	0.106322
2	0.173372	0.250000	0.441571	0.135057
3	0.135057	0.317050	0.374521	0.173372
4	0.240421	0.336207	0.269157	0.154215
5	0.163793	0.259579	0.431992	0.144636
6	0.288314	0.288314	0.317050	0.106322
7	0.192529	0.278736	0.403257	0.125479
8	0.154215	0.230843	0.422414	0.192529
9	0.058429	0.393678	0.345785	0.202107
10	0.125479	0.431992	0.345785	0.096743
11	0.250000	0.221264	0.393678	0.135057
12	0.278736	0.288314	0.278736	0.154215
13	0.135057	0.364943	0.393678	0.106322
14	0.412835	0.211686	0.307471	0.068008
15	0.144636	0.250000	0.240421	0.364943
16	0.211686	0.451149	0.307471	0.029693
17	0.278736	0.479885	0.240421	0.000958
18	0.029693	0.393678	0.192529	0.384100
19	0.029693	0.652299	0.192529	0.125479
20	0.000958	0.997126	0.000958	0.000958
21	0.000958	0.000958	0.997126	0.000958
22	0.997126	0.000958	0.000958	0.000958
23	0.786398	0.010536	0.173372	0.029693
24	0.077586	0.355364	0.000958	0.566092
25	0.326628	0.211686	0.422414	0.039272
26	0.470307	0.192529	0.230843	0.106322
27	0.144636	0.269157	0.154215	0.431992
28	0.192529	0.278736	0.403257	0.125479
29	0.297893	0.288314	0.144636	0.269157
30	0.125479	0.431992	0.192529	0.250000
31	0.230843	0.288314	0.336207	0.144636
32	0.384100	0.393678	0.068008	0.154215
