pos	G	A	T	C
0	0.119529	0.304714	0.388889	0.186869
1	0.035354	0.338384	0.271044	0.355219
2	0.203704	0.304714	0.321549	0.170034
3	0.237374	0.254209	0.287879	0.220539
4	0.136364	0.254209	0.355219	0.254209
5	0.186869	0.287879	0.473064	0.052189
6	0.119529	0.388889	0.287879	0.203704
7	0.102694	0.338384	0.372054	0.186869
8	0.186869	0.254209	0.321549	0.237374
9	0.220539	0.203704	0.439394	0.136364
10	0.136364	0.220539	0.456229	0.186869
11	0.271044	0.052189	0.540404	0.136364
12	0.220539	0.153199	0.388889	0.237374
13	0.153199	0.203704	0.321549	0.321549
14	0.220539	0.287879	0.271044	0.220539
15	0.085859	0.085859	0.439394	0.388889
16	0.052189	0.405724	0.304714	0.237374
17	0.220539	0.473064	0.136364	0.170034
18	0.001684	0.422559	0.153199	0.422559
19	0.035354	0.439394	0.136364	0.388889
20	0.001684	0.994949	0.001684	0.001684
21	0.001684	0.001684	0.994949	0.001684
22	0.994949	0.001684	0.001684	0.001684
23	0.759259	0.119529	0.085859	0.035354
24	0.153199	0.254209	0.069024	0.523569
25	0.186869	0.102694	0.624579	0.085859
26	0.237374	0.203704	0.287879	0.271044
27	0.085859	0.136364	0.388889	0.388889
28	0.136364	0.203704	0.439394	0.220539
29	0.237374	0.271044	0.271044	0.220539
30	0.186869	0.271044	0.186869	0.355219
31	0.069024	0.271044	0.456229	0.203704
32	0.355219	0.304714	0.153199	0.186869
