pos	G	A	T	C
0	0.198075	0.268997	0.309524	0.223404
1	0.203141	0.314590	0.258865	0.223404
2	0.233536	0.294326	0.294326	0.177812
3	0.198075	0.304458	0.314590	0.182877
4	0.193009	0.294326	0.309524	0.203141
5	0.177812	0.294326	0.360182	0.167680
6	0.182877	0.299392	0.309524	0.208207
7	0.172746	0.329787	0.334853	0.162614
8	0.203141	0.294326	0.344985	0.157548
9	0.198075	0.304458	0.350051	0.147416
10	0.233536	0.289260	0.314590	0.162614
11	0.238602	0.294326	0.344985	0.122087
12	0.238602	0.238602	0.314590	0.208207
13	0.198075	0.279129	0.309524	0.213273
14	0.253799	0.289260	0.279129	0.177812
15	0.127153	0.263931	0.329787	0.279129
16	0.142351	0.405775	0.238602	0.213273
17	0.223404	0.471631	0.182877	0.122087
18	0.101824	0.461499	0.187943	0.248734
19	0.203141	0.405775	0.152482	0.238602
20	0.000507	0.998480	0.000507	0.000507
21	0.000507	0.000507	0.998480	0.000507
22	0.998480	0.000507	0.000507	0.000507
23	0.491895	0.233536	0.142351	0.132219
24	0.177812	0.299392	0.208207	0.314590
25	0.314590	0.208207	0.360182	0.117021
26	0.314590	0.268997	0.198075	0.218338
27	0.177812	0.248734	0.309524	0.263931
28	0.238602	0.208207	0.314590	0.238602
29	0.268997	0.294326	0.228470	0.208207
30	0.198075	0.324721	0.233536	0.243668
31	0.187943	0.334853	0.309524	0.167680
32	0.294326	0.350051	0.147416	0.208207
