pos	G	A	T	C
0	0.213598	0.273446	0.318548	0.194408
1	0.288625	0.277783	0.253063	0.180530
2	0.219127	0.319633	0.266507	0.194733
3	0.208285	0.280927	0.317898	0.192890
4	0.290359	0.281252	0.250027	0.178362
5	0.232897	0.314537	0.256858	0.195709
6	0.209586	0.280493	0.317573	0.192348
7	0.276807	0.285914	0.260327	0.176952
8	0.223898	0.316814	0.266399	0.192890
9	0.215441	0.273121	0.326463	0.184975
10	0.292528	0.278433	0.248618	0.180422
11	0.227259	0.318874	0.257400	0.196468
12	0.209586	0.271494	0.332318	0.186601
13	0.274747	0.273879	0.260978	0.190396
14	0.219561	0.315838	0.261303	0.203298
15	0.205250	0.278216	0.324512	0.192022
16	0.293178	0.277457	0.252521	0.176844
17	0.229102	0.313019	0.261411	0.196468
18	0.210237	0.292419	0.316163	0.181180
19	0.333077	0.273121	0.199612	0.194191
20	0.000011	0.999967	0.000011	0.000011
21	0.000011	0.000011	0.999967	0.000011
22	0.999967	0.000011	0.000011	0.000011
23	0.274530	0.318657	0.217501	0.189312
24	0.193324	0.305863	0.324078	0.176735
25	0.290251	0.280168	0.252521	0.177061
26	0.213164	0.324837	0.258809	0.203190
27	0.217826	0.281794	0.309550	0.190830
28	0.283420	0.284830	0.253171	0.178578
29	0.225307	0.319633	0.256315	0.198744
30	0.197227	0.282119	0.334161	0.186493
31	0.292094	0.279626	0.246991	0.181289
32	0.219778	0.320066	0.262062	0.198094
